{
 "cells": [
  {
   "cell_type": "code",
   "execution_count": 22,
   "metadata": {
    "collapsed": false
   },
   "outputs": [
    {
     "name": "stdout",
     "output_type": "stream",
     "text": [
      "Populating the interactive namespace from numpy and matplotlib\n"
     ]
    },
    {
     "name": "stderr",
     "output_type": "stream",
     "text": [
      "WARNING: pylab import has clobbered these variables: ['prod', 'Circle', 'power', 'diag', 'sinh', 'trunc', 'binomial', 'plot', 'eye', 'f', 'det', 'tan', 'product', 'roots', 'vectorize', 'sin', 'plotting', 'zeros', 'cosh', 'conjugate', 'take', 'trace', 'beta', 'ones', 'transpose', 'cos', 'interactive', 'solve', 'diff', 'invert', 'tanh', 'Polygon', 'reshape', 'sqrt', 'floor', 'source', 'add', 'multinomial', 'test', 'poly', 'mod', 'sign', 'gamma', 'log', 'var', 'seterr', 'flatten', 'nan', 'pi', 'exp']\n",
      "`%matplotlib` prevents importing * from pylab and numpy\n"
     ]
    }
   ],
   "source": [
    "%pylab inline\n",
    "import numpy as np\n",
    "import matplotlib as mpl\n",
    "import matplotlib.pyplot as plt\n",
    "%matplotlib inline\n",
    "from sympy import*\n",
    "init_printing(use_unicode=True)"
   ]
  },
  {
   "cell_type": "code",
   "execution_count": 23,
   "metadata": {
    "collapsed": false
   },
   "outputs": [],
   "source": [
    "#Defino la función que me recibe como parámetro \n",
    "#Defino los símbolos para poder resolver el polinomio\n",
    "#De creación empírica uso el polinomio de Adam-Basforth (Con inspiración de un HandsON realizado en clase) \n",
    "#Defino las variables T1 y T2 con la herramienta var\n",
    "\n",
    "init_printing(use_unicode=True)\n",
    "\n",
    "def Lagrange(Num):\n",
    "    fu=0\n",
    "    #f=var('f')\n",
    "    t=var('t')\n",
    "    for i in range(Num):\n",
    "        nn=1\n",
    "        for j in range(Num):\n",
    "            if i != j:\n",
    "                t1 = var('t%d'%j)\n",
    "                t2 = var('t%d'%i)\n",
    "                nn *= ((t - t1)/(t2 - t1))\n",
    "        fu+=nn*var('f%d'%i)\n",
    "    return fu"
   ]
  },
  {
   "cell_type": "code",
   "execution_count": 24,
   "metadata": {
    "collapsed": false
   },
   "outputs": [
    {
     "data": {
      "image/png": "iVBORw0KGgoAAAANSUhEUgAAAAwAAAASCAYAAABvqT8MAAAABHNCSVQICAgIfAhkiAAAANtJREFU\nKJHN0r0uhEEUxvGf9VWItTYahSgQPYV2SxfBBbiAbfSidSE60e4trASNjghZGiHbEFnFzpscb84W\nOqd5cp6Z/5nJzMMfa6rWb+MU9xhhBV0MMngJjzgI3jFuMJcBJ3jBTPDa+MJRBtzhIvGv0auaRtFF\nbOEhAZ6wWwfWi74nwBBNzEegWfRzAgCtCHwXHSXAbNHpCLwmG6taKPoRgUGZvjwBeKsDQ/SxlgCb\nuKqaRli4xJ7fcdkoQ86zu66Wow+Dd4ZbIRoxBs/oGEdkx/gz29iXP/d/qR8UhCWn2ReXCwAAAABJ\nRU5ErkJggg==\n",
      "text/latex": [
       "$$0$$"
      ],
      "text/plain": [
       "0"
      ]
     },
     "execution_count": 24,
     "metadata": {},
     "output_type": "execute_result"
    }
   ],
   "source": [
    "#Función de orden cero (0)\n",
    "Lagrange(0)"
   ]
  },
  {
   "cell_type": "code",
   "execution_count": 26,
   "metadata": {
    "collapsed": false
   },
   "outputs": [
    {
     "data": {
      "image/png": "iVBORw0KGgoAAAANSUhEUgAAABMAAAAYCAYAAAAYl8YPAAAABHNCSVQICAgIfAhkiAAAAStJREFU\nOI3t1E0rhFEYxvHfaJoViizYyFsWEvK21zRLG3vRLH0Bn8KCjbAQO+UDKPkESizERrKxQSJJyFg8\nZ+pp5sHTzCxdm3Pu+9znf85V5z40UJkUNQNYxTlasYSvWg7L4QpF7OITbbWAYBYl9GMahVpBsIK7\ntMVNf6xP47ie28AODkQWL8J8vR5gX4DNpd3wm82xMJ42CvaM60bBTkVW64aNqrY4iTUsYEvUHX+q\nPdyoGMvlcIOuEE9J+WzyATYRyxVE/VlWBi/oLSd+sjmOJ5zFcj14iMUlPGI4DexI1NhldeC1ou4N\nLUmwZRyG+RT2KzY+qf6ymnGfBJvHO0bwkQC7RGcszoq+oxsJWsQm9jCUsJ7FLbpDPIOTJFBa5bEh\nemfbGKwH9i++AchiN1+7B3rHAAAAAElFTkSuQmCC\n",
      "text/latex": [
       "$$f_{0}$$"
      ],
      "text/plain": [
       "f₀"
      ]
     },
     "execution_count": 26,
     "metadata": {},
     "output_type": "execute_result"
    }
   ],
   "source": [
    "\n",
    "#Función de orden primero (1)\n",
    "Lagrange(1)"
   ]
  },
  {
   "cell_type": "code",
   "execution_count": 27,
   "metadata": {
    "collapsed": false
   },
   "outputs": [
    {
     "data": {
      "image/png": "iVBORw0KGgoAAAANSUhEUgAAAHcAAAAlCAYAAAB4f3Z2AAAABHNCSVQICAgIfAhkiAAABA5JREFU\neJzt2k+I3VQUx/FPp110ClphsFK0KiqCKJUiFApapKALQUFQUaQItooLlVIEQVCmCxfiP9xVQZwu\nxJWCgujGfytR/IuiKy2KoFax/qvF6qiLm8fETJKX5CaZ94Z84cF9Nznnnvs7L7n3JYc4zo20r8tm\nbOh5zCZMhC4zBSevwxN4GAcKzjkHOzJ95+f01WGc/Y+4J8J/DFU0YYJ0KUru9ZjDS3il4Jw78Gym\n715cVBpmOePs/8Kr2B0xRlOqaMIU6PIM9pQc34q7c/q/wllVBiigqv2hiDGaMk4TJkyXtZmDJ2E/\n9uIwTsfHOU5uE34pR5LvVwmTugDHk76vq0Td0H4nvsBPNcZoSlVNmAJd1uNXyxOf5sWc43txcEyw\nZdSxvwU3RoxVlyqaMGG6rMs54UJ8jsXk+wF8ijPweNK3IXV8xE68nOm7S/nO8R08V2I/g0eEKyfN\nUWGT0RdZTciPrS9d8nJCBV1uxZNJ+0rcl7QP4ryk/XqO3ZfYJEx6rmyAArL2GwXhPsg594pUXH2Q\n1oTi2PrQpSgnZHTJ2y1vw0dJe0eq/QkuS9p/Z2zmcEJYa3ZjtuYE8ux/wWPC7TDLRv2styPSmlAc\nWx+6FOWEjC55yb3E0i9yE44l7WM4LWl/J2w0RvyMD4Vf+Lf4puYk6tpvFjYOfZHWpIw+dCnKCRld\n0mvuDNZgC95L9S3mtN/CdryWfF/ETTUDT1PXfhuejhhvKz6z/ErLkqdJGX3oUpQTMrqMrtwtwlOO\n7cLiPTI4YulWcjJ+SNovYFdE0DGsF26Lf0T42C9sRsoo0qSMPnQpyskyXUbJ/TMJ7Go8kHL0trBT\nJNya3k3aR4WJn9py4FW4GU/1ME6RJmX0oUtRTmrrshaP4gbcnzk2g9ubxziWWezD98KVNis8pbmm\nBd8LODvCPi+2EV3rkpeTtnRZFSyIS+5UUPTiYGAVMCR3FbNmpQPomEO4OKf/TOE/6YmcY3vwfpdB\n9c2/U/6py4Lxa+5Kzyn6M3qIsdqv4CZMvSZ119zYcpGu/U0CXc+psv+6yY0tF+na3yQQO6c7O/Zf\nSGy5SNf+qrKgu/+5sXOab8v/uMqCEbHlIl37q8suvIHfW/TZ1pwux5sd+s8ltlyka3+TQBtzmm/L\nf16ZTRFVyj26KqtZSboqiSG8i93n/zvzS4U3PCN+w4Ml/mlBtzrlHk38lZXVTAttaDRfwz8lulXd\nLdct92jir6ysZhpoW6Mq/inRrWpy65Z7NPE37bStURX/pVRdc+uWezTxN+20pdHxgv7amsW8FSoq\n9xhYoolGD7U1eExyi8o9BpZYUY2qPsTI4zCuwynCVv75yFhmhUdv1+IfYSMyrjpx0mlbozxWo24D\nAwMDAwNTxX+bzq/8stxO2QAAAABJRU5ErkJggg==\n",
      "text/latex": [
       "$$\\frac{f_{0} \\left(t - t_{1}\\right)}{t_{0} - t_{1}} + \\frac{f_{1} \\left(t - t_{0}\\right)}{- t_{0} + t_{1}}$$"
      ],
      "text/plain": [
       "f₀⋅(t - t₁)   f₁⋅(t - t₀)\n",
       "─────────── + ───────────\n",
       "  t₀ - t₁       -t₀ + t₁ "
      ]
     },
     "execution_count": 27,
     "metadata": {},
     "output_type": "execute_result"
    }
   ],
   "source": [
    "#Función de orden dos (2)\n",
    "Lagrange(2)"
   ]
  },
  {
   "cell_type": "code",
   "execution_count": 28,
   "metadata": {
    "collapsed": false
   },
   "outputs": [
    {
     "data": {
      "image/png": "iVBORw0KGgoAAAANSUhEUgAAAn8AAAAlCAYAAAAzxI9DAAAABHNCSVQICAgIfAhkiAAADFJJREFU\neJztnV+oHcUdxz/eREkCMQ/B2FCTFiNCMURLQCqYFP8+CMlj8S9CErVqlSpKULCcPBRJGrWlD0mF\n2hNo8UnBh4APYvMmCv4pCi2CtrZC9Zoa/xDb2Nj2Yfb0zB1ndmd2Znbm3Pv7wIU9u2dnv/Obzxn2\nnHt2D8SzKUEbIawHVjm21ZQFhs3TlWVWqamGSzULLF6/Qqmp7jVlgbpeH0I3NflTUxZYAi7PtWxb\nDvwC+Bmwz/Gc84HLjHUXWtaF0LX/ceCByrPY8pTMUhs+bkFdNUztV01ZYvPMOn19BJnvXHnExzKI\ny3FZbHmWnMs3AL8FtgHfczznAHCGse7XwG0Rx/XZ/1Lgloqz2PKUzFIbPm5BXTVM7VdNWWLzzDp9\nfQSZ71x5xMcyiMtxWWx5lpzLvwF2t2zfAtxrWf8e8K2I4/ruf6TSLK48pbLUSJdbUFcNc/hVU5aY\nPIuBvj6CzHeuPOJjGcTl/llceRaly8ss61YD9wN7gD8D3wT+YHnebcDzwHzz+DpU0b4D/LNZ99eA\nLKH7bwfeAT6uLAtGntJZasLXLairhin9qilLijyzTF8fQeY7me/qQlyOzwLiMiuAz7CfHE54zrJ9\nD3A44rgh+98KXF9hFluekllqw8ctqKuGqf2qKUtsnlmnr48g892Eml6rSxlxOS6LLc+idXm5Y/1F\nwB+Br5rH+4C3gPOAJ5p1q7TtE7YDR41199B+5czLwNMt+88BB1HvanROoL5IOVSWOeBuYGXz+IAj\niy1P6iyrgR8Ap5ptdwGnHVlqw3QL7GOcu4Zg9xq6xzM2j8tzm1+5s9j2n2W/QjF9dI3DUPOdj5M1\nzb22POJjGUyXXXUTl+1ZbHlKnkcUYRfwq2b5WuDhZvkwcEGz/KJlv3eBdagOru1xXHP/NajBes3y\n3Gu0XENk2QFsaLY9A2x1ZLHlyZHlYLPtVeCSliy1obsF7jHOXUOX19A9nrF5bPu6/Mqdxbb/LPsV\niumjaxyGqLuvkzXNvbY84mMZbC7b6iYu27PY8pQ8j8iK61Yv3wXeaJYv05bfRF1FBNN3XhPWAl+i\n/ld+C9MzW19s+38KPI76KNtkDdP/jQ+RZRPqSipQ/5ffoD1fz2LmyZHlKOpd1VnNc95uyVIbulvg\nHuPcNXR5De3jGZvHta/Lr5xZXPvPsl+hmD66xmGIuvs6WdPca+YRH8thuuyqm7hsz2LmKX0ekRXX\nyd9WpmfJ64CTzfJJ4Nxm+QPUx8oTPgFeR737+DvwfmCW0P3Xo4o3VJZDzR/AxcArjixmnhxZ/tO0\n/yCwF/iiJUtt6G61kbuGLq+hfTxj87j2dfmVM4tr/1n2KxTTR9c4DFF3XydrmnvNPOJjOUyXXXUT\nl+1ZzDylzyMGZQ71Zce/Mf3S4yHg8mZ5F0okUJeTXzVQrmOWdU8xvSv2kFm2AQ+1ZBk6zwvAOS1Z\n+rIF93dC+2BzS+eY8Th3DV1eQ9nxNP0qmQXy+eUitXcuunw0x2GIuvs6WdPcC4tjvuvDUK520eUy\nLKybuGzPAsPl8TmPyIr+yd8G1J2mL0V9XDz50uM80487zwY+apafBa4cIKONFaiPcifvZIbKsga4\nAni0JcsQefQbUM4z/UjdlqUv96O+qJsCl1tt5K6hy+sS4znB9KtUliH8cpHSOxddPtpe50PU3dfJ\nmuZeWBzzXR+GcLWLNpdddROX7VlgmDy+5xFZ0U/+TqE6vgP4ibb+JdRVRKA+Vp58THkCJZ3+Lmwo\nbgKe1B4PleVm1ICdCVztyDJEnv3Anc3yRuAvLVlqwOVWG7lr6PK6xHhOMP0qlWXW/Aqly0fb63yI\nuvs6WdPcCzLflaTNZVfdxGV7Fhgmj+95RHGWAY+hLhl/xNg2B9ye8dgrgR8DH6LeZa1E3Sl7p+W5\nubPciPrC6HGUIJtbsuTOs7nJcwdwX7OuLUsfxsC3E7bnwjbGE3LW0OZ1qfGEr/v1/YJZhvDLxZhh\nvHNhe51PyF33ECdrmntz5ynpYxtjyrraha1uE8TlMi6HnkcIwuCMqXtiExYnY8Q7YTYYI64KM4rr\nal9BEARBEARhESInf4IgCIIgCEuIM7qfIixyjqDuN2SyEXXPoy8t23aj7hgvCH0R74RZQVwVFh2T\nk7//Fk0hDEXIyf4YGDG9QsyFuCN0kdo7cU7IhcyRwpKl7QeLh2A97Tc6lHztdOXzZUz4l5lL9z2G\ntrrV0K9ZzhfCmDDvauh7X2qfS2JYCr6OkTlSZ7H2bVH2y/zO3/mo3+SbcKHxOAVdbR4HHnBsk3xx\n+XJi9j2EHHUKPYarbrZ+1TSutefLSYxzkN+7lHNJyuOmQHwNR3ztd9wUpPQ15XFj6T1m5snfD4Hf\naY/3svA+VynoavPfwPOoH0I2kXxx+XJi9j2E2Dr9KMExXHWz9aumca09X05inIO4OuV0DuT1FIv4\nuhDxNZ2vIdQ8Zv9nC3Cvse491A0IU+Lb5hHjseQLa9PMF8oY/39p2PoeQmydRgmPodfN1a9axrX2\nfH0Y4+ddrHMQV6dRwvZ95pIQ5PU0jK9jhpsjQXx1MUp4DB9fQ6h1zBZ88rcT+H2zfB3wy2b7DUx/\noDmG0Db/AVwg+ZLlC+Uz4F+ez9X7HkKOOsUeQ6+b2a/axrX2fH3w9a6vc5Dfu5RzSc7j9kF8nTLE\nHAniawwpfc153Nztt3r+HOonWSbsAQ5HBjQJafNW4HrtseSLy5cTs+8hpKjTKOEx9LrZ+lXTuNae\nLycxzkF8nUYJ2++aS0KQ15P4amOUsP2l7GsINY8Zy7XlVcBX2uPtwFGjgX3AW8B5wBPNuntovxrm\nZeDpljbngIOo39zTOYH6MmPJfHPA3Ux/b/ZAZD5bxph8q1G/nXiq2XYXcNqRLydm38G/X77jOOFc\n1O806rdkuBxYoT3+HPip9rivd7Z++bY1hHel8tXgXYxzEOZdCudi5hKIez1Njm/zfci++fjqakt8\nHdbXkJqZfct1TgDD9i31mLW9ToYeswW8aDx+F1jXBF4LXAs83Gw7TL+Pys0216AG+DXLc6/Rjlcq\n3w5gQ7PtGWBrRD4SZLTlO9hsexW4pCVfTsy+h5BiHEeBx/D1ztavkLZ86etdyXylvYtxDuK9GwW2\nHzOXhGCbd0IdGAUeI6WvbW35Ir5+nVFg+yE1S+lrn/lqFHgM376lHrNQt0c92vf2XP/O32lteS3q\nruXzqKtEVqIuJ36j2f4msK0jmImtzU+Bx1HfnTBZA3xcON8m1P/TAd5hOnB98hGZ0dbmUdS7v7Oa\n57zdki8np7ufYiXHOPocw9c7s1+hbfXN5+tdqXw1eNfXOcjvXcq5JPa4EO9A1zFS+trWVt984mt4\n+yE1S+lrSlddx/DtW+oxi3W7q/0gz/V/+36A+tjwc+AT4HVgF/B+87cOONk89yTwjcCwtjbbWA/8\nqXC+Q0wLeTHw84h8RGZ0tbkadUXSXuCLlnw50fseQo5x9DlGG3rdzH6FttU3n693pfJBee/6Ogf5\nvUs5l8QeNzW5fW1rq28+EF9D2wf/ms2ar+DXt9RjFut2V/vQ0/PdwFUtBzvE9IqSXcCDvSLbOWZZ\n9xQL70xdMt824CFjXWg+yJvxBeAc7bGZLyc+ffelT4329jzWMcs6vW4h/bK1FUuXd6XzQTnvUjoH\n4d71dS7VXNKHY57Py9W3kH7Z2kqB+BpOV81y+Hos4Lm5+pbrdejrds4xW/Bv32eBK1sam2f6b4Sz\ngY8ignWxAvXxr37mWirfGuAK4NHIfDky6l8OnWf60b8tX058+u5LnxrtT3Rss24p+xWKj3el8tXg\nXeq+h3rXx7mUc0lOcvXNt1+2tmIQX8PHNKRms+arb99y9CvE7ZxjtuDk7wTqp0D0s0Wdl4CLmuWt\nwCuBwUK4CXjSWFcq382ogToTuDoiX46M+4E7m+WNTH9g3JYvJz5992VIz0zMuqXsVyg+3pXKV4N3\nqfs+hHcp55LaSOmrra0YxNdwQmo2a7769i1Hv1K7rRPl+Rxwu2PbMuAx1KXEj0RFnLISdXnzh6gr\nfFai7la9s5J8N6K+eHocJcLmiHw5Mm5uMt4B3Nesa8uXk66++5JjHE1CvOvql62tWEK8K5GvFu9S\nOQf5vUs9l4SQwwGdlL7a2opFfA0ntGap+pbbVQjrW8oxy+G2Ti2eC4IgCIIgCIIgCIIgCIIgCIIg\nCIIgCIIgCIIgCIKQkP8Bz7aU6E7DNxUAAAAASUVORK5CYII=\n",
      "text/latex": [
       "$$\\frac{f_{0} \\left(t - t_{1}\\right) \\left(t - t_{2}\\right) \\left(t - t_{3}\\right)}{\\left(t_{0} - t_{1}\\right) \\left(t_{0} - t_{2}\\right) \\left(t_{0} - t_{3}\\right)} + \\frac{f_{1} \\left(t - t_{0}\\right) \\left(t - t_{2}\\right) \\left(t - t_{3}\\right)}{\\left(- t_{0} + t_{1}\\right) \\left(t_{1} - t_{2}\\right) \\left(t_{1} - t_{3}\\right)} + \\frac{f_{2} \\left(t - t_{0}\\right) \\left(t - t_{1}\\right) \\left(t - t_{3}\\right)}{\\left(- t_{0} + t_{2}\\right) \\left(- t_{1} + t_{2}\\right) \\left(t_{2} - t_{3}\\right)} + \\frac{f_{3} \\left(t - t_{0}\\right) \\left(t - t_{1}\\right) \\left(t - t_{2}\\right)}{\\left(- t_{0} + t_{3}\\right) \\left(- t_{1} + t_{3}\\right) \\left(- t_{2} + t_{3}\\right)}$$"
      ],
      "text/plain": [
       "f₀⋅(t - t₁)⋅(t - t₂)⋅(t - t₃)   f₁⋅(t - t₀)⋅(t - t₂)⋅(t - t₃)     f₂⋅(t - t₀)⋅\n",
       "───────────────────────────── + ────────────────────────────── + ─────────────\n",
       "(t₀ - t₁)⋅(t₀ - t₂)⋅(t₀ - t₃)   (-t₀ + t₁)⋅(t₁ - t₂)⋅(t₁ - t₃)   (-t₀ + t₂)⋅(-\n",
       "\n",
       "(t - t₁)⋅(t - t₃)     f₃⋅(t - t₀)⋅(t - t₁)⋅(t - t₂)  \n",
       "────────────────── + ────────────────────────────────\n",
       "t₁ + t₂)⋅(t₂ - t₃)   (-t₀ + t₃)⋅(-t₁ + t₃)⋅(-t₂ + t₃)"
      ]
     },
     "execution_count": 28,
     "metadata": {},
     "output_type": "execute_result"
    }
   ],
   "source": [
    "#Función de orden cuatro (4)\n",
    "Lagrange(4)"
   ]
  },
  {
   "cell_type": "markdown",
   "metadata": {},
   "source": [
    "#b)Adams"
   ]
  },
  {
   "cell_type": "code",
   "execution_count": 31,
   "metadata": {
    "collapsed": true
   },
   "outputs": [],
   "source": [
    "#Defino la función de adams\n",
    "#Defino las variables con la ayuda de SYmbols y un arreglo de SYmbols para ir generando el for \n",
    "#Traigo mi función Lagrange como mi polinomio\n",
    "#Con la ayuda de subs voy reescribiendo el polinomio\n",
    "\n",
    "init_printing(use_unicode=True)\n",
    "\n",
    "\n",
    "def Adams(Num):\n",
    "    \n",
    "    Polinomio=Lagrange(Num)\n",
    "    t=symbols('t')\n",
    "    arraySim=symarray('t', Num) \n",
    "    h=symbols('h') \n",
    "    \n",
    "    for i in range(Num):\n",
    "        \n",
    "        Polinomio = Polinomio.subs(arraySim[i],arraySim[0]-i*h)\n",
    "        integral=simplify(integrate(Polinomio,(t,arraySim[0],(arraySim[0]+h))))\n",
    "        \n",
    "    return integral"
   ]
  },
  {
   "cell_type": "code",
   "execution_count": 32,
   "metadata": {
    "collapsed": false
   },
   "outputs": [
    {
     "data": {
      "image/png": "iVBORw0KGgoAAAANSUhEUgAAAB4AAAAYCAYAAADtaU2/AAAABHNCSVQICAgIfAhkiAAAAexJREFU\nSInt1duLzVEUB/DP6Jx5McilmJLcojShYUYpGk0TL0rzRsk0L/IHSPkTlJqk3B5EUooXpVwSHnhR\nGkXNizQlL26NW4OT8bD3qT2/c+Z3zs8pUb4vv73WXmt991pr7/XjL8Zq3MAxnMasHNvteIQpXG+F\ntB0vMIyLqGB+A58yJnG4FeLdwulXoRcDTfhsjT69rRAfx5uCPkfxCaU8o7x+EU79uCBxn9DnSp5R\n2wz6C1iMnRjDOF7iUAPSMj5gBD/QgU4h+yGh9w2xUujVYDPGEdX+PsTSqCsJpR9ODfNKvTF+RwsQ\n9wmZHsSrqKvgJxYWIf4olLgI8X08S3RrMRdPixCPCqVrBmWh1Pcy+j1CAg+aJd6gtsybcQIHcE6Y\nalX0YLaQcYq9uIZvwjzIxQIh0/RCtAu3uzMhSp9avffbFeNsi/KpRsT90WFTohvA80Ruw2esiPJt\n3MzEGcT7aLsL+6obM5W6GxOmX4jleJfIU8Kb7YryPFzKxLklVOWkUKHL1Y2Zxlo37po+fRbha8Zu\nEnPiekudOF+EIVSDNOMjuBPXPbiasZ1QO+k68LZe4EZIiffjO9YLQyBLPIYliVwSfpHjv0OcYghn\ncQXr6uyX8BrLorwDT1olbRb9OCO84/NY86eI/+Pfwy/ih1/KXxcd5gAAAABJRU5ErkJggg==\n",
      "text/latex": [
       "$$f_{0} h$$"
      ],
      "text/plain": [
       "f₀⋅h"
      ]
     },
     "execution_count": 32,
     "metadata": {},
     "output_type": "execute_result"
    }
   ],
   "source": [
    "#Función de orden uno (1)\n",
    "Adams(1)"
   ]
  },
  {
   "cell_type": "markdown",
   "metadata": {},
   "source": [
    "#Punto 2\n",
    "##Potencial Gravitacional"
   ]
  },
  {
   "cell_type": "code",
   "execution_count": 14,
   "metadata": {
    "collapsed": true
   },
   "outputs": [],
   "source": [
    "#Definimos todas las constantes necesarias\n",
    "#Densidad las unidad son (Kg/cm3)\n",
    "#La unidad del lado del cubo esta en (m)\n",
    "#Todas las unidades de as constantes se encuentran en SI (Sistema Internacional)\n",
    "\n",
    "M=30 #Masa en kg\n",
    "Ro=400.\n",
    "\n",
    "Lado=270\n",
    "\n",
    "e0=8.85e-12 \n",
    "\n",
    "q=1e-2 \n",
    "\n",
    "Nl=100\n",
    "\n",
    "xmin=-Lado/2\n",
    "\n",
    "xmax= Lado/2\n",
    "\n",
    "ymin=-Lado/2\n",
    "\n",
    "ymax= Lado/2\n",
    "\n",
    "zmin=-Lado/2\n",
    "\n",
    "zmax=Lado/2\n",
    "\n",
    "NumIter=10\n",
    "\n",
    "G=6.674e-11"
   ]
  },
  {
   "cell_type": "code",
   "execution_count": null,
   "metadata": {
    "collapsed": false
   },
   "outputs": [],
   "source": [
    "#Declaro las coordenadas en las tres dimesiones\n",
    "#Creo los mesgrid de cada coordenada (x y z)\n",
    "#La variable que se llama constante pertenece al potencial gravitacional\n",
    "#Creo el cuadrado con la ayuda de np.ones y np.zeros\n",
    "#Mi cubo es de 10x10x10 y esta fijado en el centro de la malla de 100x100x100\n",
    "\n",
    "xx=np.linspace(xmin,xmax,Nl)\n",
    "yy=np.linspace(ymin,ymax,Nl) \n",
    "zz=np.linspace(zmin,zmax, Nl)\n",
    "\n",
    "x,y,z=np.meshgrid(xx,yy,zz)\n",
    "\n",
    "dx=(xmax-xmin)/Nl\n",
    "dy=(ymax-ymin)/Nl\n",
    "dz=(zmax-zmin)/Nl\n",
    "\n",
    "constante=Ro*np.pi*4*G\n",
    "\n",
    "densidad=np.zeros((Nl,Nl,Nl))\n",
    "\n",
    "cuadrado = np.ones((10,10,10))\n",
    "cuadradoEn400= cuadrado*constante\n",
    "cuafradoF=np.array(cuadradoEn400*4.*pi*G*M**2)\n",
    "\n",
    "densidad[45:55,45:55,45:55] = cuadradoEn400\n",
    "\n",
    "\n",
    "densidadf=np.array(densidad*4.*pi*G*M**2)\n",
    "print len(densidadf)\n",
    "print len(cuadrado)\n",
    "print densidadf[44:50,44:50,44:50]"
   ]
  },
  {
   "cell_type": "code",
   "execution_count": 21,
   "metadata": {
    "collapsed": false
   },
   "outputs": [
    {
     "name": "stdout",
     "output_type": "stream",
     "text": [
      "[[[ -3.08258856e-06  -3.10334482e-06  -3.12408948e-06 ...,  -3.12408948e-06\n",
      "    -3.10334482e-06  -3.08258856e-06]\n",
      "  [ -3.10334482e-06  -3.12452610e-06  -3.14570134e-06 ...,  -3.14570134e-06\n",
      "    -3.12452610e-06  -3.10334482e-06]\n",
      "  [ -3.12408948e-06  -3.14570134e-06  -3.16731303e-06 ...,  -3.16731303e-06\n",
      "    -3.14570134e-06  -3.12408948e-06]\n",
      "  ..., \n",
      "  [ -3.12408948e-06  -3.14570134e-06  -3.16731303e-06 ...,  -3.16731303e-06\n",
      "    -3.14570134e-06  -3.12408948e-06]\n",
      "  [ -3.10334482e-06  -3.12452610e-06  -3.14570134e-06 ...,  -3.14570134e-06\n",
      "    -3.12452610e-06  -3.10334482e-06]\n",
      "  [ -3.08258856e-06  -3.10334482e-06  -3.12408948e-06 ...,  -3.12408948e-06\n",
      "    -3.10334482e-06  -3.08258856e-06]]\n",
      "\n",
      " [[ -3.10334482e-06  -3.12452610e-06  -3.14570134e-06 ...,  -3.14570134e-06\n",
      "    -3.12452610e-06  -3.10334482e-06]\n",
      "  [ -3.12452610e-06  -3.14614708e-06  -3.16776802e-06 ...,  -3.16776802e-06\n",
      "    -3.14614708e-06  -3.12452610e-06]\n",
      "  [ -3.14570134e-06  -3.16776802e-06  -3.18984092e-06 ...,  -3.18984092e-06\n",
      "    -3.16776802e-06  -3.14570134e-06]\n",
      "  ..., \n",
      "  [ -3.14570134e-06  -3.16776802e-06  -3.18984092e-06 ...,  -3.18984092e-06\n",
      "    -3.16776802e-06  -3.14570134e-06]\n",
      "  [ -3.12452610e-06  -3.14614708e-06  -3.16776802e-06 ...,  -3.16776802e-06\n",
      "    -3.14614708e-06  -3.12452610e-06]\n",
      "  [ -3.10334482e-06  -3.12452610e-06  -3.14570134e-06 ...,  -3.14570134e-06\n",
      "    -3.12452610e-06  -3.10334482e-06]]\n",
      "\n",
      " [[ -3.12408948e-06  -3.14570134e-06  -3.16731303e-06 ...,  -3.16731303e-06\n",
      "    -3.14570134e-06  -3.12408948e-06]\n",
      "  [ -3.14570134e-06  -3.16776802e-06  -3.18984092e-06 ...,  -3.18984092e-06\n",
      "    -3.16776802e-06  -3.14570134e-06]\n",
      "  [ -3.16731303e-06  -3.18984092e-06  -3.21238176e-06 ...,  -3.21238176e-06\n",
      "    -3.18984092e-06  -3.16731303e-06]\n",
      "  ..., \n",
      "  [ -3.16731303e-06  -3.18984092e-06  -3.21238176e-06 ...,  -3.21238176e-06\n",
      "    -3.18984092e-06  -3.16731303e-06]\n",
      "  [ -3.14570134e-06  -3.16776802e-06  -3.18984092e-06 ...,  -3.18984092e-06\n",
      "    -3.16776802e-06  -3.14570134e-06]\n",
      "  [ -3.12408948e-06  -3.14570134e-06  -3.16731303e-06 ...,  -3.16731303e-06\n",
      "    -3.14570134e-06  -3.12408948e-06]]\n",
      "\n",
      " ..., \n",
      " [[ -3.12408948e-06  -3.14570134e-06  -3.16731303e-06 ...,  -3.16731303e-06\n",
      "    -3.14570134e-06  -3.12408948e-06]\n",
      "  [ -3.14570134e-06  -3.16776802e-06  -3.18984092e-06 ...,  -3.18984092e-06\n",
      "    -3.16776802e-06  -3.14570134e-06]\n",
      "  [ -3.16731303e-06  -3.18984092e-06  -3.21238176e-06 ...,  -3.21238176e-06\n",
      "    -3.18984092e-06  -3.16731303e-06]\n",
      "  ..., \n",
      "  [ -3.16731303e-06  -3.18984092e-06  -3.21238176e-06 ...,  -3.21238176e-06\n",
      "    -3.18984092e-06  -3.16731303e-06]\n",
      "  [ -3.14570134e-06  -3.16776802e-06  -3.18984092e-06 ...,  -3.18984092e-06\n",
      "    -3.16776802e-06  -3.14570134e-06]\n",
      "  [ -3.12408948e-06  -3.14570134e-06  -3.16731303e-06 ...,  -3.16731303e-06\n",
      "    -3.14570134e-06  -3.12408948e-06]]\n",
      "\n",
      " [[ -3.10334482e-06  -3.12452610e-06  -3.14570134e-06 ...,  -3.14570134e-06\n",
      "    -3.12452610e-06  -3.10334482e-06]\n",
      "  [ -3.12452610e-06  -3.14614708e-06  -3.16776802e-06 ...,  -3.16776802e-06\n",
      "    -3.14614708e-06  -3.12452610e-06]\n",
      "  [ -3.14570134e-06  -3.16776802e-06  -3.18984092e-06 ...,  -3.18984092e-06\n",
      "    -3.16776802e-06  -3.14570134e-06]\n",
      "  ..., \n",
      "  [ -3.14570134e-06  -3.16776802e-06  -3.18984092e-06 ...,  -3.18984092e-06\n",
      "    -3.16776802e-06  -3.14570134e-06]\n",
      "  [ -3.12452610e-06  -3.14614708e-06  -3.16776802e-06 ...,  -3.16776802e-06\n",
      "    -3.14614708e-06  -3.12452610e-06]\n",
      "  [ -3.10334482e-06  -3.12452610e-06  -3.14570134e-06 ...,  -3.14570134e-06\n",
      "    -3.12452610e-06  -3.10334482e-06]]\n",
      "\n",
      " [[ -3.08258856e-06  -3.10334482e-06  -3.12408948e-06 ...,  -3.12408948e-06\n",
      "    -3.10334482e-06  -3.08258856e-06]\n",
      "  [ -3.10334482e-06  -3.12452610e-06  -3.14570134e-06 ...,  -3.14570134e-06\n",
      "    -3.12452610e-06  -3.10334482e-06]\n",
      "  [ -3.12408948e-06  -3.14570134e-06  -3.16731303e-06 ...,  -3.16731303e-06\n",
      "    -3.14570134e-06  -3.12408948e-06]\n",
      "  ..., \n",
      "  [ -3.12408948e-06  -3.14570134e-06  -3.16731303e-06 ...,  -3.16731303e-06\n",
      "    -3.14570134e-06  -3.12408948e-06]\n",
      "  [ -3.10334482e-06  -3.12452610e-06  -3.14570134e-06 ...,  -3.14570134e-06\n",
      "    -3.12452610e-06  -3.10334482e-06]\n",
      "  [ -3.08258856e-06  -3.10334482e-06  -3.12408948e-06 ...,  -3.12408948e-06\n",
      "    -3.10334482e-06  -3.08258856e-06]]]\n"
     ]
    },
    {
     "ename": "KeyboardInterrupt",
     "evalue": "",
     "output_type": "error",
     "traceback": [
      "\u001b[1;31m---------------------------------------------------------------------------\u001b[0m",
      "\u001b[1;31mKeyboardInterrupt\u001b[0m                         Traceback (most recent call last)",
      "\u001b[1;32m<ipython-input-21-8fa52daf3992>\u001b[0m in \u001b[0;36m<module>\u001b[1;34m()\u001b[0m\n\u001b[0;32m     14\u001b[0m               \u001b[0mnp\u001b[0m\u001b[1;33m.\u001b[0m\u001b[0mroll\u001b[0m\u001b[1;33m(\u001b[0m\u001b[0mPot\u001b[0m\u001b[1;33m,\u001b[0m\u001b[1;36m1\u001b[0m\u001b[1;33m,\u001b[0m\u001b[0maxis\u001b[0m\u001b[1;33m=\u001b[0m \u001b[1;36m2\u001b[0m\u001b[1;33m)\u001b[0m\u001b[1;33m+\u001b[0m\u001b[1;33m\u001b[0m\u001b[0m\n\u001b[0;32m     15\u001b[0m               \u001b[0mnp\u001b[0m\u001b[1;33m.\u001b[0m\u001b[0mroll\u001b[0m\u001b[1;33m(\u001b[0m\u001b[0mPot\u001b[0m\u001b[1;33m,\u001b[0m\u001b[1;33m-\u001b[0m\u001b[1;36m1\u001b[0m\u001b[1;33m,\u001b[0m\u001b[0maxis\u001b[0m\u001b[1;33m=\u001b[0m \u001b[1;36m2\u001b[0m\u001b[1;33m)\u001b[0m\u001b[1;33m-\u001b[0m\u001b[1;33m\u001b[0m\u001b[0m\n\u001b[1;32m---> 16\u001b[1;33m               densidadf)\n\u001b[0m\u001b[0;32m     17\u001b[0m     \u001b[0mPot\u001b[0m\u001b[1;33m[\u001b[0m\u001b[1;36m0\u001b[0m\u001b[1;33m]\u001b[0m\u001b[1;33m=\u001b[0m\u001b[1;36m0.\u001b[0m\u001b[1;33m\u001b[0m\u001b[0m\n\u001b[0;32m     18\u001b[0m     \u001b[0mPot\u001b[0m\u001b[1;33m[\u001b[0m\u001b[1;33m-\u001b[0m\u001b[1;36m1\u001b[0m\u001b[1;33m]\u001b[0m\u001b[1;33m=\u001b[0m\u001b[1;36m0.\u001b[0m\u001b[1;33m\u001b[0m\u001b[0m\n",
      "\u001b[1;32m/home/paula/anaconda/lib/python2.7/site-packages/sympy/core/decorators.pyc\u001b[0m in \u001b[0;36m__sympifyit_wrapper\u001b[1;34m(a, b)\u001b[0m\n\u001b[0;32m     75\u001b[0m                 \u001b[1;32mif\u001b[0m \u001b[1;32mnot\u001b[0m \u001b[0mhasattr\u001b[0m\u001b[1;33m(\u001b[0m\u001b[0mb\u001b[0m\u001b[1;33m,\u001b[0m \u001b[1;34m'_op_priority'\u001b[0m\u001b[1;33m)\u001b[0m\u001b[1;33m:\u001b[0m\u001b[1;33m\u001b[0m\u001b[0m\n\u001b[0;32m     76\u001b[0m                     \u001b[0mb\u001b[0m \u001b[1;33m=\u001b[0m \u001b[0msympify\u001b[0m\u001b[1;33m(\u001b[0m\u001b[0mb\u001b[0m\u001b[1;33m,\u001b[0m \u001b[0mstrict\u001b[0m\u001b[1;33m=\u001b[0m\u001b[0mTrue\u001b[0m\u001b[1;33m)\u001b[0m\u001b[1;33m\u001b[0m\u001b[0m\n\u001b[1;32m---> 77\u001b[1;33m                 \u001b[1;32mreturn\u001b[0m \u001b[0mfunc\u001b[0m\u001b[1;33m(\u001b[0m\u001b[0ma\u001b[0m\u001b[1;33m,\u001b[0m \u001b[0mb\u001b[0m\u001b[1;33m)\u001b[0m\u001b[1;33m\u001b[0m\u001b[0m\n\u001b[0m\u001b[0;32m     78\u001b[0m             \u001b[1;32mexcept\u001b[0m \u001b[0mSympifyError\u001b[0m\u001b[1;33m:\u001b[0m\u001b[1;33m\u001b[0m\u001b[0m\n\u001b[0;32m     79\u001b[0m                 \u001b[1;32mreturn\u001b[0m \u001b[0mretval\u001b[0m\u001b[1;33m\u001b[0m\u001b[0m\n",
      "\u001b[1;32m/home/paula/anaconda/lib/python2.7/site-packages/sympy/core/decorators.pyc\u001b[0m in \u001b[0;36mbinary_op_wrapper\u001b[1;34m(self, other)\u001b[0m\n\u001b[0;32m    116\u001b[0m                     \u001b[1;32melse\u001b[0m\u001b[1;33m:\u001b[0m\u001b[1;33m\u001b[0m\u001b[0m\n\u001b[0;32m    117\u001b[0m                         \u001b[1;32mreturn\u001b[0m \u001b[0mf\u001b[0m\u001b[1;33m(\u001b[0m\u001b[0mself\u001b[0m\u001b[1;33m)\u001b[0m\u001b[1;33m\u001b[0m\u001b[0m\n\u001b[1;32m--> 118\u001b[1;33m             \u001b[1;32mreturn\u001b[0m \u001b[0mfunc\u001b[0m\u001b[1;33m(\u001b[0m\u001b[0mself\u001b[0m\u001b[1;33m,\u001b[0m \u001b[0mother\u001b[0m\u001b[1;33m)\u001b[0m\u001b[1;33m\u001b[0m\u001b[0m\n\u001b[0m\u001b[0;32m    119\u001b[0m         \u001b[1;32mreturn\u001b[0m \u001b[0mbinary_op_wrapper\u001b[0m\u001b[1;33m\u001b[0m\u001b[0m\n\u001b[0;32m    120\u001b[0m     \u001b[1;32mreturn\u001b[0m \u001b[0mpriority_decorator\u001b[0m\u001b[1;33m\u001b[0m\u001b[0m\n",
      "\u001b[1;32m/home/paula/anaconda/lib/python2.7/site-packages/sympy/core/expr.pyc\u001b[0m in \u001b[0;36m__rmul__\u001b[1;34m(self, other)\u001b[0m\n\u001b[0;32m    144\u001b[0m     \u001b[1;33m@\u001b[0m\u001b[0mcall_highest_priority\u001b[0m\u001b[1;33m(\u001b[0m\u001b[1;34m'__mul__'\u001b[0m\u001b[1;33m)\u001b[0m\u001b[1;33m\u001b[0m\u001b[0m\n\u001b[0;32m    145\u001b[0m     \u001b[1;32mdef\u001b[0m \u001b[0m__rmul__\u001b[0m\u001b[1;33m(\u001b[0m\u001b[0mself\u001b[0m\u001b[1;33m,\u001b[0m \u001b[0mother\u001b[0m\u001b[1;33m)\u001b[0m\u001b[1;33m:\u001b[0m\u001b[1;33m\u001b[0m\u001b[0m\n\u001b[1;32m--> 146\u001b[1;33m         \u001b[1;32mreturn\u001b[0m \u001b[0mMul\u001b[0m\u001b[1;33m(\u001b[0m\u001b[0mother\u001b[0m\u001b[1;33m,\u001b[0m \u001b[0mself\u001b[0m\u001b[1;33m)\u001b[0m\u001b[1;33m\u001b[0m\u001b[0m\n\u001b[0m\u001b[0;32m    147\u001b[0m \u001b[1;33m\u001b[0m\u001b[0m\n\u001b[0;32m    148\u001b[0m     \u001b[1;33m@\u001b[0m\u001b[0m_sympifyit\u001b[0m\u001b[1;33m(\u001b[0m\u001b[1;34m'other'\u001b[0m\u001b[1;33m,\u001b[0m \u001b[0mNotImplemented\u001b[0m\u001b[1;33m)\u001b[0m\u001b[1;33m\u001b[0m\u001b[0m\n",
      "\u001b[1;32m/home/paula/anaconda/lib/python2.7/site-packages/sympy/core/operations.pyc\u001b[0m in \u001b[0;36m__new__\u001b[1;34m(cls, *args, **options)\u001b[0m\n\u001b[0;32m     39\u001b[0m             \u001b[1;32mreturn\u001b[0m \u001b[0margs\u001b[0m\u001b[1;33m[\u001b[0m\u001b[1;36m0\u001b[0m\u001b[1;33m]\u001b[0m\u001b[1;33m\u001b[0m\u001b[0m\n\u001b[0;32m     40\u001b[0m \u001b[1;33m\u001b[0m\u001b[0m\n\u001b[1;32m---> 41\u001b[1;33m         \u001b[0mc_part\u001b[0m\u001b[1;33m,\u001b[0m \u001b[0mnc_part\u001b[0m\u001b[1;33m,\u001b[0m \u001b[0morder_symbols\u001b[0m \u001b[1;33m=\u001b[0m \u001b[0mcls\u001b[0m\u001b[1;33m.\u001b[0m\u001b[0mflatten\u001b[0m\u001b[1;33m(\u001b[0m\u001b[0margs\u001b[0m\u001b[1;33m)\u001b[0m\u001b[1;33m\u001b[0m\u001b[0m\n\u001b[0m\u001b[0;32m     42\u001b[0m         \u001b[0mis_commutative\u001b[0m \u001b[1;33m=\u001b[0m \u001b[1;32mnot\u001b[0m \u001b[0mnc_part\u001b[0m\u001b[1;33m\u001b[0m\u001b[0m\n\u001b[0;32m     43\u001b[0m         \u001b[0mobj\u001b[0m \u001b[1;33m=\u001b[0m \u001b[0mcls\u001b[0m\u001b[1;33m.\u001b[0m\u001b[0m_from_args\u001b[0m\u001b[1;33m(\u001b[0m\u001b[0mc_part\u001b[0m \u001b[1;33m+\u001b[0m \u001b[0mnc_part\u001b[0m\u001b[1;33m,\u001b[0m \u001b[0mis_commutative\u001b[0m\u001b[1;33m)\u001b[0m\u001b[1;33m\u001b[0m\u001b[0m\n",
      "\u001b[1;32m/home/paula/anaconda/lib/python2.7/site-packages/sympy/core/mul.pyc\u001b[0m in \u001b[0;36mflatten\u001b[1;34m(cls, seq)\u001b[0m\n\u001b[0;32m    181\u001b[0m                 \u001b[0ma\u001b[0m\u001b[1;33m,\u001b[0m \u001b[0mb\u001b[0m \u001b[1;33m=\u001b[0m \u001b[0mb\u001b[0m\u001b[1;33m,\u001b[0m \u001b[0ma\u001b[0m\u001b[1;33m\u001b[0m\u001b[0m\n\u001b[0;32m    182\u001b[0m             \u001b[1;32massert\u001b[0m \u001b[1;32mnot\u001b[0m \u001b[0ma\u001b[0m \u001b[1;32mis\u001b[0m \u001b[0mS\u001b[0m\u001b[1;33m.\u001b[0m\u001b[0mOne\u001b[0m\u001b[1;33m\u001b[0m\u001b[0m\n\u001b[1;32m--> 183\u001b[1;33m             \u001b[1;32mif\u001b[0m \u001b[1;32mnot\u001b[0m \u001b[0ma\u001b[0m\u001b[1;33m.\u001b[0m\u001b[0mis_zero\u001b[0m \u001b[1;32mand\u001b[0m \u001b[0ma\u001b[0m\u001b[1;33m.\u001b[0m\u001b[0mis_Rational\u001b[0m\u001b[1;33m:\u001b[0m\u001b[1;33m\u001b[0m\u001b[0m\n\u001b[0m\u001b[0;32m    184\u001b[0m                 \u001b[0mr\u001b[0m\u001b[1;33m,\u001b[0m \u001b[0mb\u001b[0m \u001b[1;33m=\u001b[0m \u001b[0mb\u001b[0m\u001b[1;33m.\u001b[0m\u001b[0mas_coeff_Mul\u001b[0m\u001b[1;33m(\u001b[0m\u001b[1;33m)\u001b[0m\u001b[1;33m\u001b[0m\u001b[0m\n\u001b[0;32m    185\u001b[0m                 \u001b[1;32mif\u001b[0m \u001b[0mb\u001b[0m\u001b[1;33m.\u001b[0m\u001b[0mis_Add\u001b[0m\u001b[1;33m:\u001b[0m\u001b[1;33m\u001b[0m\u001b[0m\n",
      "\u001b[1;32m/home/paula/anaconda/lib/python2.7/site-packages/sympy/core/assumptions.pyc\u001b[0m in \u001b[0;36mgetit\u001b[1;34m(self)\u001b[0m\n\u001b[0;32m    219\u001b[0m             \u001b[1;32mif\u001b[0m \u001b[0mself\u001b[0m\u001b[1;33m.\u001b[0m\u001b[0m_assumptions\u001b[0m \u001b[1;32mis\u001b[0m \u001b[0mself\u001b[0m\u001b[1;33m.\u001b[0m\u001b[0mdefault_assumptions\u001b[0m\u001b[1;33m:\u001b[0m\u001b[1;33m\u001b[0m\u001b[0m\n\u001b[0;32m    220\u001b[0m                 \u001b[0mself\u001b[0m\u001b[1;33m.\u001b[0m\u001b[0m_assumptions\u001b[0m \u001b[1;33m=\u001b[0m \u001b[0mself\u001b[0m\u001b[1;33m.\u001b[0m\u001b[0mdefault_assumptions\u001b[0m\u001b[1;33m.\u001b[0m\u001b[0mcopy\u001b[0m\u001b[1;33m(\u001b[0m\u001b[1;33m)\u001b[0m\u001b[1;33m\u001b[0m\u001b[0m\n\u001b[1;32m--> 221\u001b[1;33m             \u001b[1;32mreturn\u001b[0m \u001b[0m_ask\u001b[0m\u001b[1;33m(\u001b[0m\u001b[0mfact\u001b[0m\u001b[1;33m,\u001b[0m \u001b[0mself\u001b[0m\u001b[1;33m)\u001b[0m\u001b[1;33m\u001b[0m\u001b[0m\n\u001b[0m\u001b[0;32m    222\u001b[0m \u001b[1;33m\u001b[0m\u001b[0m\n\u001b[0;32m    223\u001b[0m     \u001b[0mgetit\u001b[0m\u001b[1;33m.\u001b[0m\u001b[0mfunc_name\u001b[0m \u001b[1;33m=\u001b[0m \u001b[0mas_property\u001b[0m\u001b[1;33m(\u001b[0m\u001b[0mfact\u001b[0m\u001b[1;33m)\u001b[0m\u001b[1;33m\u001b[0m\u001b[0m\n",
      "\u001b[1;32m/home/paula/anaconda/lib/python2.7/site-packages/sympy/core/assumptions.pyc\u001b[0m in \u001b[0;36m_ask\u001b[1;34m(fact, obj)\u001b[0m\n\u001b[0;32m    264\u001b[0m         \u001b[0ma\u001b[0m \u001b[1;33m=\u001b[0m \u001b[0mevaluate\u001b[0m\u001b[1;33m(\u001b[0m\u001b[0mobj\u001b[0m\u001b[1;33m)\u001b[0m\u001b[1;33m\u001b[0m\u001b[0m\n\u001b[0;32m    265\u001b[0m         \u001b[1;32mif\u001b[0m \u001b[0ma\u001b[0m \u001b[1;32mis\u001b[0m \u001b[1;32mnot\u001b[0m \u001b[0mNone\u001b[0m\u001b[1;33m:\u001b[0m\u001b[1;33m\u001b[0m\u001b[0m\n\u001b[1;32m--> 266\u001b[1;33m             \u001b[0massumptions\u001b[0m\u001b[1;33m.\u001b[0m\u001b[0mdeduce_all_facts\u001b[0m\u001b[1;33m(\u001b[0m\u001b[1;33m(\u001b[0m\u001b[1;33m(\u001b[0m\u001b[0mfact\u001b[0m\u001b[1;33m,\u001b[0m \u001b[0ma\u001b[0m\u001b[1;33m)\u001b[0m\u001b[1;33m,\u001b[0m\u001b[1;33m)\u001b[0m\u001b[1;33m)\u001b[0m\u001b[1;33m\u001b[0m\u001b[0m\n\u001b[0m\u001b[0;32m    267\u001b[0m             \u001b[1;32mreturn\u001b[0m \u001b[0ma\u001b[0m\u001b[1;33m\u001b[0m\u001b[0m\n\u001b[0;32m    268\u001b[0m \u001b[1;33m\u001b[0m\u001b[0m\n",
      "\u001b[1;32m/home/paula/anaconda/lib/python2.7/site-packages/sympy/core/facts.pyc\u001b[0m in \u001b[0;36mdeduce_all_facts\u001b[1;34m(self, facts)\u001b[0m\n\u001b[0;32m    523\u001b[0m                 \u001b[1;31m# lookup routing tables\u001b[0m\u001b[1;33m\u001b[0m\u001b[1;33m\u001b[0m\u001b[0m\n\u001b[0;32m    524\u001b[0m                 \u001b[1;32mfor\u001b[0m \u001b[0mkey\u001b[0m\u001b[1;33m,\u001b[0m \u001b[0mvalue\u001b[0m \u001b[1;32min\u001b[0m \u001b[0mfull_implications\u001b[0m\u001b[1;33m[\u001b[0m\u001b[0mk\u001b[0m\u001b[1;33m,\u001b[0m \u001b[0mv\u001b[0m\u001b[1;33m]\u001b[0m\u001b[1;33m:\u001b[0m\u001b[1;33m\u001b[0m\u001b[0m\n\u001b[1;32m--> 525\u001b[1;33m                     \u001b[0mself\u001b[0m\u001b[1;33m.\u001b[0m\u001b[0m_tell\u001b[0m\u001b[1;33m(\u001b[0m\u001b[0mkey\u001b[0m\u001b[1;33m,\u001b[0m \u001b[0mvalue\u001b[0m\u001b[1;33m)\u001b[0m\u001b[1;33m\u001b[0m\u001b[0m\n\u001b[0m\u001b[0;32m    526\u001b[0m \u001b[1;33m\u001b[0m\u001b[0m\n\u001b[0;32m    527\u001b[0m                 \u001b[0mbeta_maytrigger\u001b[0m\u001b[1;33m.\u001b[0m\u001b[0mupdate\u001b[0m\u001b[1;33m(\u001b[0m\u001b[0mbeta_triggers\u001b[0m\u001b[1;33m[\u001b[0m\u001b[0mk\u001b[0m\u001b[1;33m,\u001b[0m \u001b[0mv\u001b[0m\u001b[1;33m]\u001b[0m\u001b[1;33m)\u001b[0m\u001b[1;33m\u001b[0m\u001b[0m\n",
      "\u001b[1;32m/home/paula/anaconda/lib/python2.7/site-packages/sympy/core/facts.pyc\u001b[0m in \u001b[0;36m_tell\u001b[1;34m(self, k, v)\u001b[0m\n\u001b[0;32m    480\u001b[0m         \u001b[0mself\u001b[0m\u001b[1;33m.\u001b[0m\u001b[0mrules\u001b[0m \u001b[1;33m=\u001b[0m \u001b[0mrules\u001b[0m\u001b[1;33m\u001b[0m\u001b[0m\n\u001b[0;32m    481\u001b[0m \u001b[1;33m\u001b[0m\u001b[0m\n\u001b[1;32m--> 482\u001b[1;33m     \u001b[1;32mdef\u001b[0m \u001b[0m_tell\u001b[0m\u001b[1;33m(\u001b[0m\u001b[0mself\u001b[0m\u001b[1;33m,\u001b[0m \u001b[0mk\u001b[0m\u001b[1;33m,\u001b[0m \u001b[0mv\u001b[0m\u001b[1;33m)\u001b[0m\u001b[1;33m:\u001b[0m\u001b[1;33m\u001b[0m\u001b[0m\n\u001b[0m\u001b[0;32m    483\u001b[0m         \"\"\"Add fact k=v to the knowledge base.\n\u001b[0;32m    484\u001b[0m \u001b[1;33m\u001b[0m\u001b[0m\n",
      "\u001b[1;31mKeyboardInterrupt\u001b[0m: "
     ]
    }
   ],
   "source": [
    "#Se implementa el método de relación, inspirado en el cuaderno de Juan David Lizarazo\n",
    "X=x*x\n",
    "Y=y*y\n",
    "Z=z*z\n",
    "r=np.sqrt(X+Y+Z)\n",
    "#Se define el potencial\n",
    "Pot=-G*Ro*M**3/r\n",
    "print Pot\n",
    "for __ in range(NumIter):\n",
    "    Pot=1/6.*(np.roll(Pot,1,axis=0)+\n",
    "              np.roll(Pot,-1,axis=0)+\n",
    "              np.roll(Pot,1,axis=1)+\n",
    "              np.roll(Pot,-1,axis=1)+\n",
    "              np.roll(Pot,1,axis= 2)+\n",
    "              np.roll(Pot,-1,axis= 2)-\n",
    "              densidadf)\n",
    "    Pot[0]=0.\n",
    "    Pot[-1]=0.\n",
    "    Pot[:,0]=0.\n",
    "    Pot[:,-1]=0.\n",
    "    Pot[:,:,0]=0.\n",
    "    Pot[:,:,-1]=0."
   ]
  },
  {
   "cell_type": "code",
   "execution_count": 38,
   "metadata": {
    "collapsed": false,
    "scrolled": true
   },
   "outputs": [
    {
     "ename": "ValueError",
     "evalue": "zero-size array to reduction operation minimum which has no identity",
     "output_type": "error",
     "traceback": [
      "\u001b[1;31m---------------------------------------------------------------------------\u001b[0m",
      "\u001b[1;31mValueError\u001b[0m                                Traceback (most recent call last)",
      "\u001b[1;32m<ipython-input-38-0368a651d3d9>\u001b[0m in \u001b[0;36m<module>\u001b[1;34m()\u001b[0m\n\u001b[0;32m      3\u001b[0m \u001b[0mplt\u001b[0m\u001b[1;33m.\u001b[0m\u001b[0mpcolor\u001b[0m\u001b[1;33m(\u001b[0m\u001b[0myy\u001b[0m\u001b[1;33m,\u001b[0m\u001b[0mzz\u001b[0m\u001b[1;33m,\u001b[0m\u001b[0mcampo\u001b[0m\u001b[1;33m[\u001b[0m\u001b[1;36m50\u001b[0m\u001b[1;33m]\u001b[0m\u001b[1;33m*\u001b[0m\u001b[1;36m100\u001b[0m\u001b[1;33m**\u001b[0m\u001b[1;36m2\u001b[0m\u001b[1;33m,\u001b[0m\u001b[0mcmap\u001b[0m\u001b[1;33m=\u001b[0m\u001b[1;34m'gist_heat'\u001b[0m\u001b[1;33m)\u001b[0m\u001b[1;33m\u001b[0m\u001b[0m\n\u001b[0;32m      4\u001b[0m \u001b[0mplt\u001b[0m\u001b[1;33m.\u001b[0m\u001b[0mcolorbar\u001b[0m\u001b[1;33m(\u001b[0m\u001b[1;33m)\u001b[0m\u001b[1;33m\u001b[0m\u001b[0m\n\u001b[1;32m----> 5\u001b[1;33m \u001b[0mplt\u001b[0m\u001b[1;33m.\u001b[0m\u001b[0mcontour\u001b[0m\u001b[1;33m(\u001b[0m\u001b[0myy\u001b[0m\u001b[1;33m,\u001b[0m\u001b[0mzz\u001b[0m\u001b[1;33m,\u001b[0m\u001b[0mcampo\u001b[0m\u001b[1;33m[\u001b[0m\u001b[1;36m50\u001b[0m\u001b[1;33m]\u001b[0m\u001b[1;33m*\u001b[0m\u001b[1;36m100\u001b[0m\u001b[1;33m**\u001b[0m\u001b[1;36m2\u001b[0m\u001b[1;33m)\u001b[0m\u001b[1;33m\u001b[0m\u001b[0m\n\u001b[0m\u001b[0;32m      6\u001b[0m \u001b[0mplt\u001b[0m\u001b[1;33m.\u001b[0m\u001b[0mxlim\u001b[0m\u001b[1;33m(\u001b[0m\u001b[0mymin\u001b[0m\u001b[1;33m,\u001b[0m\u001b[0mymax\u001b[0m\u001b[1;33m)\u001b[0m\u001b[1;33m\u001b[0m\u001b[0m\n\u001b[0;32m      7\u001b[0m \u001b[0mplt\u001b[0m\u001b[1;33m.\u001b[0m\u001b[0mylim\u001b[0m\u001b[1;33m(\u001b[0m\u001b[0mzmin\u001b[0m\u001b[1;33m,\u001b[0m\u001b[0mzmax\u001b[0m\u001b[1;33m)\u001b[0m\u001b[1;33m\u001b[0m\u001b[0m\n",
      "\u001b[1;32m/home/paula/anaconda/lib/python2.7/site-packages/matplotlib/pyplot.pyc\u001b[0m in \u001b[0;36mcontour\u001b[1;34m(*args, **kwargs)\u001b[0m\n\u001b[0;32m   2698\u001b[0m         \u001b[0max\u001b[0m\u001b[1;33m.\u001b[0m\u001b[0mhold\u001b[0m\u001b[1;33m(\u001b[0m\u001b[0mhold\u001b[0m\u001b[1;33m)\u001b[0m\u001b[1;33m\u001b[0m\u001b[0m\n\u001b[0;32m   2699\u001b[0m     \u001b[1;32mtry\u001b[0m\u001b[1;33m:\u001b[0m\u001b[1;33m\u001b[0m\u001b[0m\n\u001b[1;32m-> 2700\u001b[1;33m         \u001b[0mret\u001b[0m \u001b[1;33m=\u001b[0m \u001b[0max\u001b[0m\u001b[1;33m.\u001b[0m\u001b[0mcontour\u001b[0m\u001b[1;33m(\u001b[0m\u001b[1;33m*\u001b[0m\u001b[0margs\u001b[0m\u001b[1;33m,\u001b[0m \u001b[1;33m**\u001b[0m\u001b[0mkwargs\u001b[0m\u001b[1;33m)\u001b[0m\u001b[1;33m\u001b[0m\u001b[0m\n\u001b[0m\u001b[0;32m   2701\u001b[0m         \u001b[0mdraw_if_interactive\u001b[0m\u001b[1;33m(\u001b[0m\u001b[1;33m)\u001b[0m\u001b[1;33m\u001b[0m\u001b[0m\n\u001b[0;32m   2702\u001b[0m     \u001b[1;32mfinally\u001b[0m\u001b[1;33m:\u001b[0m\u001b[1;33m\u001b[0m\u001b[0m\n",
      "\u001b[1;32m/home/paula/anaconda/lib/python2.7/site-packages/matplotlib/axes/_axes.pyc\u001b[0m in \u001b[0;36mcontour\u001b[1;34m(self, *args, **kwargs)\u001b[0m\n\u001b[0;32m   5331\u001b[0m             \u001b[0mself\u001b[0m\u001b[1;33m.\u001b[0m\u001b[0mcla\u001b[0m\u001b[1;33m(\u001b[0m\u001b[1;33m)\u001b[0m\u001b[1;33m\u001b[0m\u001b[0m\n\u001b[0;32m   5332\u001b[0m         \u001b[0mkwargs\u001b[0m\u001b[1;33m[\u001b[0m\u001b[1;34m'filled'\u001b[0m\u001b[1;33m]\u001b[0m \u001b[1;33m=\u001b[0m \u001b[0mFalse\u001b[0m\u001b[1;33m\u001b[0m\u001b[0m\n\u001b[1;32m-> 5333\u001b[1;33m         \u001b[1;32mreturn\u001b[0m \u001b[0mmcontour\u001b[0m\u001b[1;33m.\u001b[0m\u001b[0mQuadContourSet\u001b[0m\u001b[1;33m(\u001b[0m\u001b[0mself\u001b[0m\u001b[1;33m,\u001b[0m \u001b[1;33m*\u001b[0m\u001b[0margs\u001b[0m\u001b[1;33m,\u001b[0m \u001b[1;33m**\u001b[0m\u001b[0mkwargs\u001b[0m\u001b[1;33m)\u001b[0m\u001b[1;33m\u001b[0m\u001b[0m\n\u001b[0m\u001b[0;32m   5334\u001b[0m     \u001b[0mcontour\u001b[0m\u001b[1;33m.\u001b[0m\u001b[0m__doc__\u001b[0m \u001b[1;33m=\u001b[0m \u001b[0mmcontour\u001b[0m\u001b[1;33m.\u001b[0m\u001b[0mQuadContourSet\u001b[0m\u001b[1;33m.\u001b[0m\u001b[0mcontour_doc\u001b[0m\u001b[1;33m\u001b[0m\u001b[0m\n\u001b[0;32m   5335\u001b[0m \u001b[1;33m\u001b[0m\u001b[0m\n",
